QGC WPL 110
0	1	0	16	0.000000	0.000000	0.000000	0.000000	-35.362938	149.165085	584.409973	1
1	0	3	22	0.000000	0.000000	0.000000	0.000000	-35.3632567	149.16512753	10	1
2	0	3	16	0.000000	0.000000	0.000000	0.000000	-35.36328036	149.16436331502507	10	1
3	0	3	16	0.000000	0.000000	0.000000	0.000000	-35.36262558971312	149.16437298860012	10	1
4	0	3	16	0.000000	0.000000	0.000000	0.000000	-35.36262559	149.16520492	10	1
5	0	3	21	0.000000	0.000000	0.000000	0.000000	-35.36327247835095	149.16526296067485	0	1




